0 3 0 0 1 0 1 0 0 1 0 14 0 1 0 0 8 
0 0 0 3 0 1 0 1 3 0 0 0 1 0 3 3 3 
<<<<<<< HEAD
3 0 0 1 0 3 3 0 3 17 0 1 0 0 3 3 50 
=======
3 0 0 1 11 3 3 0 3 17 0 1 0 0 3 3 3 
>>>>>>> a102b6ac29efb4797dbd984155674163ab786942
0 3 3 3 0 3 0 3 0 0 0 0 0 1 3 3 3 
0 0 3 1 1 0 14 3 0 3 3 0 0 0 1 1 3 
1 3 0 1 1 1 1 1 1 1 1 1 1 0 0 0 1 
17 3 0 1 3 0 0 1 3 3 0 50 1 1 0 0 0 
3 3 1 1 3 3 0 3 3 1 1 3 1 1 0 3 3 
0 3 1 1 3 17 0 0 0 0 3 3 1 1 0 3 3 
0 3 1 1 1 1 3 3 3 1 1 1 1 1 0 0 1 
<<<<<<< HEAD
3 3 1 3 3 3 0 3 3 0 3 3 3 3 3 3 1
=======
3 3 1 3 3 3 0 3 11 0 3 3 3 3 3 3 1
>>>>>>> a102b6ac29efb4797dbd984155674163ab786942
