 0 0 1 3 1 3 3 3 1 1 0 0 3 0 0 0 9 
<<<<<<< HEAD
 0 0 1 3 3 3 3 50 3 1 0 3 0 0 0 0 0  
 0 0 1 3 1 1 3 1 3 3 0 0 3 3 0 3 0  
=======
 0 0 1 17 3 3 3 3 3 1 0 3 0 0 0 0 0  
 50 0 1 3 1 1 3 1 3 3 0 17 3 3 0 3 0  
>>>>>>> a102b6ac29efb4797dbd984155674163ab786942
 0 0 1 0 1 1 0 1 3 1 42 0 0 0 0 0 0  
 0 0 3 3 3 3 1 1 3 3 0 3 0 0 3 0 3  
 0 0 3 3 0 3 3 1 1 3 0 0 0 3 3 0 0  
 1 1 1 3 3 41 3 0 1 1 0 3 0 0 0 0 0  
 3 3 3 0 1 0 1 0 3 3 1 1 0 0 0 0 0  
 3 3 1 0 3 0 1 3 1 3 0 1 1 1 1 1 1  
<<<<<<< HEAD
 1 0 3 1 3 3 1 3 1 3 3 1 0 43 0 0 0  
 3 50 1 0 3 0 1 3 0 3 3 3 3 1 1 1 0  
 0 3 1 3 0 1 0 3 0 44 3 3 3 3 3 3 3 
=======
 1 14 3 1 3 3 1 3 1 3 3 1 0 43 0 0 0  
 3 3 1 0 3 0 1 3 0 3 3 3 3 1 1 1 0  
 0 3 1 3 0 1 0 3 0 44 3 3 3 3 11 3 3 

>>>>>>> a102b6ac29efb4797dbd984155674163ab786942
